16
guess
6       -0.584958380     -0.366405710     -5.891009700
6       -1.750750750     -0.796239300     -5.263618130
6        0.373083440      0.362514780     -5.173065110
1       -2.497658870     -1.370271460     -5.818462460
1        1.285564120      0.695597350     -5.670817680
6       -1.948911910     -0.506019520     -3.897902620
6        0.166566680      0.664439300     -3.820504390
1        0.916432520      1.230394720     -3.265502710
6       -0.993041780      0.240671810     -3.176887340
1       -1.163295390      0.450802150     -2.118861660
1       -0.419342220     -0.600602740     -6.943727160
7       -3.137880280     -0.878425450     -3.263146850
1       -3.461767538     -0.065640943     -2.105170821
1       -3.647326310     -1.659558540     -3.681551610
7       -3.822647431      0.169222239     -3.415493727
8       -4.053797658      0.674563956     -2.529999228
